Correlation for file  I01_ann
-,"i.3","i.2","i.1","i.0","i.1.1","i.2.1","i.3.1"
"i.3",1,-0.415099573881657,-0.0200697487994992,0.253308109993474,0.162196019954623,-0.07686157566349,0.171454286090651
"i.2",-0.415099573881657,1,-0.441309839818286,0.140941408069439,-0.0641553057577809,0.186243322943645,-0.0274553949516566
"i.1",-0.0200697487994992,-0.441309839818286,1,-0.508246341621428,-0.0883166724579193,0.0881472215342556,0.194983279977144
"i.0",0.253308109993474,0.140941408069439,-0.508246341621428,1,0.255106919748068,0.0131697431178072,0.053904331022206
"i.1.1",0.162196019954623,-0.0641553057577809,-0.0883166724579193,0.255106919748068,1,-0.71021048198494,0.0909991245059431
"i.2.1",-0.07686157566349,0.186243322943645,0.0881472215342556,0.0131697431178072,-0.71021048198494,1,-0.417061867321426
"i.3.1",0.171454286090651,-0.0274553949516566,0.194983279977144,0.053904331022206,0.0909991245059431,-0.417061867321426,1
