Correlation for file  I01_ann
-,"i.2","i.1","i.0","i.1.1","i.2.1"
"i.2",1,-0.440874765268308,0.141098756041112,-0.0642939246485672,0.187147308726663
"i.1",-0.440874765268308,1,-0.509057555793192,-0.088813916945372,0.0880086002051601
"i.0",0.141098756041112,-0.509057555793192,1,0.255465286944923,0.0136193398439469
"i.1.1",-0.0642939246485672,-0.088813916945372,0.255465286944923,1,-0.70985876632606
"i.2.1",0.187147308726663,0.0880086002051601,0.0136193398439469,-0.70985876632606,1
Correlation for file  I02_ann
-,"i.2","i.1","i.0","i.1.1","i.2.1"
"i.2",1,0.354152046339931,0.190767953940252,0.174394228309543,0.162575617399974
"i.1",0.354152046339931,1,0.530218397069826,0.220866096375764,0.0444414378643978
"i.0",0.190767953940252,0.530218397069826,1,0.368917406703646,0.151604814290674
"i.1.1",0.174394228309543,0.220866096375764,0.368917406703646,1,0.509920363708157
"i.2.1",0.162575617399974,0.0444414378643978,0.151604814290674,0.509920363708157,1
Correlation for file  I03_ann
-,"i.2","i.1","i.0","i.1.1","i.2.1"
"i.2",1,-0.123368901957043,0.347157235890133,0.244474305084413,0.191128951543925
"i.1",-0.123368901957043,1,-0.153900340369922,0.31378893166212,0.228083838808236
"i.0",0.347157235890133,-0.153900340369922,1,0.301925179372399,0.268007479708792
"i.1.1",0.244474305084413,0.31378893166212,0.301925179372399,1,-0.145944847463578
"i.2.1",0.191128951543925,0.228083838808236,0.268007479708792,-0.145944847463578,1
Correlation for file  I04_ann
-,"i.2","i.1","i.0","i.1.1","i.2.1"
"i.2",1,0.893237235658464,0.948578029612506,0.912220910187005,0.933459398773841
"i.1",0.893237235658464,1,0.912334809730843,0.934644571469803,0.896770886018326
"i.0",0.948578029612506,0.912334809730843,1,0.946287926915349,0.944708095141337
"i.1.1",0.912220910187005,0.934644571469803,0.946287926915349,1,0.898964412855288
"i.2.1",0.933459398773841,0.896770886018326,0.944708095141337,0.898964412855288,1
Correlation for file  I05_ann
-,"i.2","i.1","i.0","i.1.1","i.2.1"
"i.2",1,0.0773721632828018,0.302248092475709,0.244934633544112,0.15422910793316
"i.1",0.0773721632828018,1,0.017943346917093,0.265980411980801,0.248736885490677
"i.0",0.302248092475709,0.017943346917093,1,0.332103028409673,0.231964358748094
"i.1.1",0.244934633544112,0.265980411980801,0.332103028409673,1,0.07554914683324
"i.2.1",0.15422910793316,0.248736885490677,0.231964358748094,0.07554914683324,1
Correlation for file  I06_ann
-,"i.2","i.1","i.0","i.1.1","i.2.1"
"i.2",1,0.0247948126354185,0.366479281471467,0.202922449283821,0.326904517635242
"i.1",0.0247948126354185,1,0.053922675206769,0.30453029622878,0.181482502697578
"i.0",0.366479281471467,0.053922675206769,1,0.338247649651463,0.444363918290728
"i.1.1",0.202922449283821,0.30453029622878,0.338247649651463,1,-0.019889539134374
"i.2.1",0.326904517635242,0.181482502697578,0.444363918290728,-0.019889539134374,1
Correlation for file  I07_ann
-,"i.2","i.1","i.0","i.1.1","i.2.1"
"i.2",1,0.295371692286256,0.559594455833526,0.482124151189902,0.488852359039525
"i.1",0.295371692286256,1,0.333933510099352,0.525182881826231,0.454616613327887
"i.0",0.559594455833526,0.333933510099352,1,0.604231865199813,0.610905150280192
"i.1.1",0.482124151189902,0.525182881826231,0.604231865199813,1,0.30284107602824
"i.2.1",0.488852359039525,0.454616613327887,0.610905150280192,0.30284107602824,1
Correlation for file  I08_ann
-,"i.2","i.1","i.0","i.1.1","i.2.1"
"i.2",1,0.302155630856389,0.695686643960656,0.406254096676055,0.615778557553406
"i.1",0.302155630856389,1,0.342287063857927,0.790352143638885,0.384113773272137
"i.0",0.695686643960656,0.342287063857927,1,0.324339964385137,0.710789860188963
"i.1.1",0.406254096676055,0.790352143638885,0.324339964385137,1,0.325354926265068
"i.2.1",0.615778557553406,0.384113773272137,0.710789860188963,0.325354926265068,1
Correlation for file  I09_ann
-,"i.2","i.1","i.0","i.1.1","i.2.1"
"i.2",1,0.666987913953368,0.606807414229627,0.5540868483034,0.513443403349646
"i.1",0.666987913953368,1,0.69327515117743,0.615045083116921,0.539321381248609
"i.0",0.606807414229627,0.69327515117743,1,0.749242810815752,0.618764399065806
"i.1.1",0.5540868483034,0.615045083116921,0.749242810815752,1,0.684626751375759
"i.2.1",0.513443403349646,0.539321381248609,0.618764399065806,0.684626751375759,1
Correlation for file  I10_ann
-,"i.2","i.1","i.0","i.1.1","i.2.1"
"i.2",1,-0.0659068901537072,0.346977485352832,0.302306797901966,0.291951181050477
"i.1",-0.0659068901537072,1,-0.0446209811447823,0.266016905259236,0.288704271435705
"i.0",0.346977485352832,-0.0446209811447823,1,0.429340225123962,0.31166316570421
"i.1.1",0.302306797901966,0.266016905259236,0.429340225123962,1,-0.114778577700641
"i.2.1",0.291951181050477,0.288704271435705,0.31166316570421,-0.114778577700641,1
Correlation for file  I11_ann
-,"i.2","i.1","i.0","i.1.1","i.2.1"
"i.2",1,0.562275401561878,0.427704262052538,0.362160226510541,0.34098359849652
"i.1",0.562275401561878,1,0.576499058774731,0.425451692960528,0.35317157437282
"i.0",0.427704262052538,0.576499058774731,1,0.557929606385488,0.416073817916598
"i.1.1",0.362160226510541,0.425451692960528,0.557929606385488,1,0.560437059233692
"i.2.1",0.34098359849652,0.35317157437282,0.416073817916598,0.560437059233692,1
Correlation for file  I12_ann
-,"i.2","i.1","i.0","i.1.1","i.2.1"
"i.2",1,0.981583198502589,0.972766507929808,0.965995470867775,0.962358020620797
"i.1",0.981583198502589,1,0.984964146264502,0.976659508104717,0.96766845797582
"i.0",0.972766507929808,0.984964146264502,1,0.988498774585153,0.976803175905055
"i.1.1",0.965995470867775,0.976659508104717,0.988498774585153,1,0.988447992941348
"i.2.1",0.962358020620797,0.96766845797582,0.976803175905055,0.988447992941348,1
Correlation for file  I13_ann
-,"i.2","i.1","i.0","i.1.1","i.2.1"
"i.2",1,0.384926435274992,0.0723298102294187,0.0348993453787741,0.248827684900459
"i.1",0.384926435274992,1,0.842075032982066,0.018801697064488,-0.0687020912038436
"i.0",0.0723298102294187,0.842075032982066,1,0.162928231152855,-0.115511583401797
"i.1.1",0.0348993453787741,0.018801697064488,0.162928231152855,1,0.473537848175454
"i.2.1",0.248827684900459,-0.0687020912038436,-0.115511583401797,0.473537848175454,1
Correlation for file  I14_ann
-,"i.2","i.1","i.0","i.1.1","i.2.1"
"i.2",1,0.652876248061878,0.405620545195451,0.242500101562028,0.21779965717954
"i.1",0.652876248061878,1,0.869674342138001,0.33680997158394,0.170076295404648
"i.0",0.405620545195451,0.869674342138001,1,0.52432156798269,0.289519894197672
"i.1.1",0.242500101562028,0.33680997158394,0.52432156798269,1,0.723975846332085
"i.2.1",0.21779965717954,0.170076295404648,0.289519894197672,0.723975846332085,1
Correlation for file  I15_ann
-,"i.2","i.1","i.0","i.1.1","i.2.1"
"i.2",1,0.895594332876842,0.884516960904684,0.845898783498153,0.793567099157867
"i.1",0.895594332876842,1,0.915025041555669,0.893347744474669,0.846425774626327
"i.0",0.884516960904684,0.915025041555669,1,0.943159216605987,0.892208683585225
"i.1.1",0.845898783498153,0.893347744474669,0.943159216605987,1,0.917047696682716
"i.2.1",0.793567099157867,0.846425774626327,0.892208683585225,0.917047696682716,1
Correlation for file  I16_ann
-,"i.2","i.1","i.0","i.1.1","i.2.1"
"i.2",1,0.698457490825118,0.6044156271584,0.571994829085895,0.480224532365629
"i.1",0.698457490825118,1,0.744487735205029,0.619431005647437,0.581523674281249
"i.0",0.6044156271584,0.744487735205029,1,0.760949886436559,0.620445475835138
"i.1.1",0.571994829085895,0.619431005647437,0.760949886436559,1,0.733135122198822
"i.2.1",0.480224532365629,0.581523674281249,0.620445475835138,0.733135122198822,1
Correlation for file  I17_ann
-,"i.2","i.1","i.0","i.1.1","i.2.1"
"i.2",1,0.783799694182125,0.700171051193525,0.670973125343179,0.624602158453497
"i.1",0.783799694182125,1,0.870605432667072,0.699453050323594,0.634949278847126
"i.0",0.700171051193525,0.870605432667072,1,0.771816661059744,0.694581311971073
"i.1.1",0.670973125343179,0.699453050323594,0.771816661059744,1,0.827350414585602
"i.2.1",0.624602158453497,0.634949278847126,0.694581311971073,0.827350414585602,1
Correlation for file  I18_ann
-,"i.2","i.1","i.0","i.1.1","i.2.1"
"i.2",1,0.288765321532534,0.631369085137123,0.505995537505794,0.631711789566926
"i.1",0.288765321532534,1,0.3832482833694,0.531951235273307,0.536535579467557
"i.0",0.631369085137123,0.3832482833694,1,0.765576667210153,0.542129136934589
"i.1.1",0.505995537505794,0.531951235273307,0.765576667210153,1,0.320966569567143
"i.2.1",0.631711789566926,0.536535579467557,0.542129136934589,0.320966569567143,1
Correlation for file  I19_ann
-,"i.2","i.1","i.0","i.1.1","i.2.1"
"i.2",1,-0.640017035702755,0.471847688023701,0.0327608163804966,0.281422066651612
"i.1",-0.640017035702755,1,-0.401317252057853,-0.235218407671387,0.0764015008956643
"i.0",0.471847688023701,-0.401317252057853,1,-0.438983638778424,0.385359549453962
"i.1.1",0.0327608163804966,-0.235218407671387,-0.438983638778424,1,-0.686215927002887
"i.2.1",0.281422066651612,0.0764015008956643,0.385359549453962,-0.686215927002887,1
Correlation for file  I20_ann
-,"i.2","i.1","i.0","i.1.1","i.2.1"
"i.2",1,0.382534837535434,0.582012188662728,0.530168355034386,0.477813324735594
"i.1",0.382534837535434,1,0.455182273605952,0.463167963784804,0.529144387976013
"i.0",0.582012188662728,0.455182273605952,1,0.59966035696698,0.543940032330241
"i.1.1",0.530168355034386,0.463167963784804,0.59966035696698,1,0.392821458238126
"i.2.1",0.477813324735594,0.529144387976013,0.543940032330241,0.392821458238126,1
Correlation for file  I21_ann
-,"i.2","i.1","i.0","i.1.1","i.2.1"
"i.2",1,0.134578257242269,0.282629536963364,0.135436338282839,0.167722141239968
"i.1",0.134578257242269,1,0.139363466492229,0.243730391599484,0.13290436873936
"i.0",0.282629536963364,0.139363466492229,1,0.193397621172599,0.254731602579835
"i.1.1",0.135436338282839,0.243730391599484,0.193397621172599,1,0.13326653620359
"i.2.1",0.167722141239968,0.13290436873936,0.254731602579835,0.13326653620359,1
Correlation for file  I22_ann
-,"i.2","i.1","i.0","i.1.1","i.2.1"
"i.2",1,0.359140726064558,0.47090576365142,0.510804384829887,0.448137027548618
"i.1",0.359140726064558,1,0.39376604160514,0.430461553983279,0.509202753233987
"i.0",0.47090576365142,0.39376604160514,1,0.561791664299602,0.489468838600283
"i.1.1",0.510804384829887,0.430461553983279,0.561791664299602,1,0.373721029716007
"i.2.1",0.448137027548618,0.509202753233987,0.489468838600283,0.373721029716007,1
Correlation for file  I23_ann
-,"i.2","i.1","i.0","i.1.1","i.2.1"
"i.2",1,0.632193293496355,0.780290834607784,0.732501907866915,0.686518394859965
"i.1",0.632193293496355,1,0.666782890726127,0.784035435788542,0.685874835106421
"i.0",0.780290834607784,0.666782890726127,1,0.809144698746318,0.777158790831565
"i.1.1",0.732501907866915,0.784035435788542,0.809144698746318,1,0.672812322548827
"i.2.1",0.686518394859965,0.685874835106421,0.777158790831565,0.672812322548827,1
Correlation for file  I24_ann
-,"i.2","i.1","i.0","i.1.1","i.2.1"
"i.2",1,0.853833184193225,0.883994533103325,0.854416872015546,0.823864840112148
"i.1",0.853833184193225,1,0.872457851732133,0.879972461146674,0.840780987653139
"i.0",0.883994533103325,0.872457851732133,1,0.927299815099179,0.878820822173901
"i.1.1",0.854416872015546,0.879972461146674,0.927299815099179,1,0.874017283443607
"i.2.1",0.823864840112148,0.840780987653139,0.878820822173901,0.874017283443607,1
Correlation for file  I25_ann
-,"i.2","i.1","i.0","i.1.1","i.2.1"
"i.2",1,0.945372363827559,0.941922880613601,0.919743118630674,0.890370286505413
"i.1",0.945372363827559,1,0.953928319328941,0.935671446006625,0.923925656747515
"i.0",0.941922880613601,0.953928319328941,1,0.95243585402837,0.941936205828842
"i.1.1",0.919743118630674,0.935671446006625,0.95243585402837,1,0.932591711624816
"i.2.1",0.890370286505413,0.923925656747515,0.941936205828842,0.932591711624816,1
Correlation for file  I26_ann
-,"i.2","i.1","i.0","i.1.1","i.2.1"
"i.2",1,0.958421140487476,0.933953247842579,0.918157429435777,0.909851363541974
"i.1",0.958421140487476,1,0.95904061787648,0.9384896301725,0.931662263736972
"i.0",0.933953247842579,0.95904061787648,1,0.967833930847638,0.950397672248228
"i.1.1",0.918157429435777,0.9384896301725,0.967833930847638,1,0.969676317962449
"i.2.1",0.909851363541974,0.931662263736972,0.950397672248228,0.969676317962449,1
Correlation for file  I27_ann
-,"i.2","i.1","i.0","i.1.1","i.2.1"
"i.2",1,-0.656768747427224,0.378801738240441,0.456104443129907,-0.303537657480303
"i.1",-0.656768747427224,1,-0.795211394120396,-0.564415558923414,0.69290198205057
"i.0",0.378801738240441,-0.795211394120396,1,0.582380903463846,-0.624775449713041
"i.1.1",0.456104443129907,-0.564415558923414,0.582380903463846,1,-0.776403969863596
"i.2.1",-0.303537657480303,0.69290198205057,-0.624775449713041,-0.776403969863596,1
Correlation for file  I28_ann
-,"i.2","i.1","i.0","i.1.1","i.2.1"
"i.2",1,0.693379814993386,0.512343934406683,0.521166393876894,0.468831396909631
"i.1",0.693379814993386,1,0.702265559542762,0.524606981801716,0.516368716214364
"i.0",0.512343934406683,0.702265559542762,1,0.723403556712963,0.514879846077425
"i.1.1",0.521166393876894,0.524606981801716,0.723403556712963,1,0.708231888364004
"i.2.1",0.468831396909631,0.516368716214364,0.514879846077425,0.708231888364004,1
Correlation for file  I29_ann
-,"i.2","i.1","i.0","i.1.1","i.2.1"
"i.2",1,0.00573987523487629,0.564543252513922,0.186333093790248,0.582713522725477
"i.1",0.00573987523487629,1,0.0607080793768155,0.601181978061457,0.130632440969826
"i.0",0.564543252513922,0.0607080793768155,1,0.37596644401181,0.637507402014824
"i.1.1",0.186333093790248,0.601181978061457,0.37596644401181,1,0.0728524909024922
"i.2.1",0.582713522725477,0.130632440969826,0.637507402014824,0.0728524909024922,1
Correlation for file  I30_ann
-,"i.2","i.1","i.0","i.1.1","i.2.1"
"i.2",1,-0.227221501875457,0.286036172010336,0.0417550596275697,0.318608978821859
"i.1",-0.227221501875457,1,-0.223265746312268,0.282348237725136,0.156529057076532
"i.0",0.286036172010336,-0.223265746312268,1,0.27110188757675,0.23318886785804
"i.1.1",0.0417550596275697,0.282348237725136,0.27110188757675,1,-0.200237172017929
"i.2.1",0.318608978821859,0.156529057076532,0.23318886785804,-0.200237172017929,1
Correlation for file  I31_ann
-,"i.2","i.1","i.0","i.1.1","i.2.1"
"i.2",1,-0.171880750913514,0.318081143938185,-0.0317063145663898,0.390509657500782
"i.1",-0.171880750913514,1,-0.283626355664681,0.588138277599125,-0.176698587297532
"i.0",0.318081143938185,-0.283626355664681,1,0.0434371556665482,0.561457187869142
"i.1.1",-0.0317063145663898,0.588138277599125,0.0434371556665482,1,-0.192282490518046
"i.2.1",0.390509657500782,-0.176698587297532,0.561457187869142,-0.192282490518046,1
Correlation for file  I32_ann
-,"i.2","i.1","i.0","i.1.1","i.2.1"
"i.2",1,0.613303163513019,0.455837123181587,0.547630735102447,0.478860984329943
"i.1",0.613303163513019,1,0.699584531125538,0.603264383924637,0.516083665436678
"i.0",0.455837123181587,0.699584531125538,1,0.587656704987589,0.545209052134665
"i.1.1",0.547630735102447,0.603264383924637,0.587656704987589,1,0.658694121034315
"i.2.1",0.478860984329943,0.516083665436678,0.545209052134665,0.658694121034315,1
Correlation for file  I33_ann
-,"i.2","i.1","i.0","i.1.1","i.2.1"
"i.2",1,-0.426922140292281,0.664858333940377,0.329989554706931,0.0384307396878939
"i.1",-0.426922140292281,1,-0.276609365915545,-0.143792346207803,0.3530633320179
"i.0",0.664858333940377,-0.276609365915545,1,0.291241333617001,0.226476053288857
"i.1.1",0.329989554706931,-0.143792346207803,0.291241333617001,1,-0.427601307360928
"i.2.1",0.0384307396878939,0.3530633320179,0.226476053288857,-0.427601307360928,1
Correlation for file  I34_ann
-,"i.2","i.1","i.0","i.1.1","i.2.1"
"i.2",1,-0.522461548137787,0.59173021675566,0.529848720257445,-0.225033934272934
"i.1",-0.522461548137787,1,-0.480142075405208,-0.309229911347076,0.577544089847307
"i.0",0.59173021675566,-0.480142075405208,1,0.320276346084822,-0.0648498195700564
"i.1.1",0.529848720257445,-0.309229911347076,0.320276346084822,1,-0.53876146967593
"i.2.1",-0.225033934272934,0.577544089847307,-0.0648498195700564,-0.53876146967593,1
Correlation for file  I35_ann
-,"i.2","i.1","i.0","i.1.1","i.2.1"
"i.2",1,0.294907847423755,0.812643328242475,0.520363532026701,0.607379884973891
"i.1",0.294907847423755,1,0.352081383976837,0.629252261807381,0.554733336757982
"i.0",0.812643328242475,0.352081383976837,1,0.507961551856968,0.770684049449134
"i.1.1",0.520363532026701,0.629252261807381,0.507961551856968,1,0.328179948124724
"i.2.1",0.607379884973891,0.554733336757982,0.770684049449134,0.328179948124724,1
Correlation for file  I36_ann
-,"i.2","i.1","i.0","i.1.1","i.2.1"
"i.2",1,0.633913558854554,0.857456373185127,0.738997205168618,0.765003223541588
"i.1",0.633913558854554,1,0.666857750835879,0.843319292966251,0.757226157990782
"i.0",0.857456373185127,0.666857750835879,1,0.760976524806073,0.848939365651304
"i.1.1",0.738997205168618,0.843319292966251,0.760976524806073,1,0.703692188169208
"i.2.1",0.765003223541588,0.757226157990782,0.848939365651304,0.703692188169208,1
Correlation for file  I37_ann
-,"i.2","i.1","i.0","i.1.1","i.2.1"
"i.2",1,-0.473600540917821,0.402656534457151,-0.0930350935283817,0.176312394139023
"i.1",-0.473600540917821,1,-0.609397928065,0.309032324171491,-0.183667483695452
"i.0",0.402656534457151,-0.609397928065,1,-0.114234037735113,0.373658478750967
"i.1.1",-0.0930350935283817,0.309032324171491,-0.114234037735113,1,-0.600123090252272
"i.2.1",0.176312394139023,-0.183667483695452,0.373658478750967,-0.600123090252272,1
Correlation for file  I38_ann
-,"i.2","i.1","i.0","i.1.1","i.2.1"
"i.2",1,-0.513337948360305,0.156097207586816,0.242112068990206,-0.0955184648134476
"i.1",-0.513337948360305,1,-0.611343852704482,-0.194076373960654,0.285965548559491
"i.0",0.156097207586816,-0.611343852704482,1,0.117557987392494,-0.0901687375559875
"i.1.1",0.242112068990206,-0.194076373960654,0.117557987392494,1,-0.648639303466783
"i.2.1",-0.0955184648134476,0.285965548559491,-0.0901687375559875,-0.648639303466783,1
Correlation for file  I39_ann
-,"i.2","i.1","i.0","i.1.1","i.2.1"
"i.2",1,-0.085962215689847,0.514249774301369,0.167618962562299,0.540344747555604
"i.1",-0.085962215689847,1,-0.00831398060126058,0.354890273462708,0.155310623588314
"i.0",0.514249774301369,-0.00831398060126058,1,0.467351729072828,0.472847274039493
"i.1.1",0.167618962562299,0.354890273462708,0.467351729072828,1,-0.128456105831249
"i.2.1",0.540344747555604,0.155310623588314,0.472847274039493,-0.128456105831249,1
Correlation for file  I40_ann
-,"i.2","i.1","i.0","i.1.1","i.2.1"
"i.2",1,0.598663068801839,0.942024010653615,0.620930380860623,0.925345102425185
"i.1",0.598663068801839,1,0.605121057898599,0.966354949758591,0.609263258111122
"i.0",0.942024010653615,0.605121057898599,1,0.624002645331799,0.947823794589192
"i.1.1",0.620930380860623,0.966354949758591,0.624002645331799,1,0.603909750969712
"i.2.1",0.925345102425185,0.609263258111122,0.947823794589192,0.603909750969712,1
Correlation for file  I41_ann
-,"i.2","i.1","i.0","i.1.1","i.2.1"
"i.2",1,0.161921342683947,0.475374097851598,0.329432706564515,0.410200967335299
"i.1",0.161921342683947,1,0.157760094274349,0.47726540382282,0.327971945295653
"i.0",0.475374097851598,0.157760094274349,1,0.164083696106983,0.47764267428855
"i.1.1",0.329432706564515,0.47726540382282,0.164083696106983,1,0.160976578012879
"i.2.1",0.410200967335299,0.327971945295653,0.47764267428855,0.160976578012879,1
Correlation for file  I42_ann
-,"i.2","i.1","i.0","i.1.1","i.2.1"
"i.2",1,-0.200164817006861,0.900265541711326,-0.110625168265265,0.814216456879247
"i.1",-0.200164817006861,1,-0.181848692335859,0.590950878681566,-0.132954504622335
"i.0",0.900265541711326,-0.181848692335859,1,-0.102106001314613,0.890500203006432
"i.1.1",-0.110625168265265,0.590950878681566,-0.102106001314613,1,-0.209701422709526
"i.2.1",0.814216456879247,-0.132954504622335,0.890500203006432,-0.209701422709526,1
Correlation for file  I43_ann
-,"i.2","i.1","i.0","i.1.1","i.2.1"
"i.2",1,0.470899097482722,0.712116482962751,-0.270704919111554,0.147961822680029
"i.1",0.470899097482722,1,0.512181241702435,-0.21057961737695,-0.0260639951939354
"i.0",0.712116482962751,0.512181241702435,1,-0.39881916100777,0.379710514677248
"i.1.1",-0.270704919111554,-0.21057961737695,-0.39881916100777,1,-0.255128946799721
"i.2.1",0.147961822680029,-0.0260639951939354,0.379710514677248,-0.255128946799721,1
Correlation for file  I44_ann
-,"i.2","i.1","i.0","i.1.1","i.2.1"
"i.2",1,-0.700355834797432,0.456440515403127,0.598355309099578,-0.467879497068033
"i.1",-0.700355834797432,1,-0.653229239831163,-0.687628145311028,0.80761728232396
"i.0",0.456440515403127,-0.653229239831163,1,0.604061073069686,-0.533745904801038
"i.1.1",0.598355309099578,-0.687628145311028,0.604061073069686,1,-0.827578462911086
"i.2.1",-0.467879497068033,0.80761728232396,-0.533745904801038,-0.827578462911086,1
Correlation for file  I45_ann
-,"i.2","i.1","i.0","i.1.1","i.2.1"
"i.2",1,-0.601714609212848,0.409358217907006,0.71134784336666,-0.50488644173065
"i.1",-0.601714609212848,1,-0.768680077230485,-0.588930698997461,0.820274953227759
"i.0",0.409358217907006,-0.768680077230485,1,0.556794453071957,-0.631945191804594
"i.1.1",0.71134784336666,-0.588930698997461,0.556794453071957,1,-0.713590391593573
"i.2.1",-0.50488644173065,0.820274953227759,-0.631945191804594,-0.713590391593573,1
Correlation for file  I46_ann
-,"i.2","i.1","i.0","i.1.1","i.2.1"
"i.2",1,0.0740741672855989,0.534984943465774,0.491875870763591,0.345997080265691
"i.1",0.0740741672855989,1,0.19578656471576,0.406010636119945,0.481465795443372
"i.0",0.534984943465774,0.19578656471576,1,0.677504768497478,0.464106317065484
"i.1.1",0.491875870763591,0.406010636119945,0.677504768497478,1,0.0612394891519801
"i.2.1",0.345997080265691,0.481465795443372,0.464106317065484,0.0612394891519801,1
Correlation for file  I47_ann
-,"i.2","i.1","i.0","i.1.1","i.2.1"
"i.2",1,0.213388033244216,0.200013363278196,0.232175845808368,0.187920895731359
"i.1",0.213388033244216,1,0.270758712955062,0.266887118728998,0.195485423518141
"i.0",0.200013363278196,0.270758712955062,1,0.301930562961788,0.195712331314671
"i.1.1",0.232175845808368,0.266887118728998,0.301930562961788,1,0.262204315335343
"i.2.1",0.187920895731359,0.195485423518141,0.195712331314671,0.262204315335343,1
Correlation for file  I48_ann
-,"i.2","i.1","i.0","i.1.1","i.2.1"
"i.2",1,-0.199967308030015,0.0702168159769973,-0.0648771930555462,0.211081348834999
"i.1",-0.199967308030015,1,-0.267693030010932,0.147321842638475,-0.0812835442681138
"i.0",0.0702168159769973,-0.267693030010932,1,0.30755716531333,0.0696293996775258
"i.1.1",-0.0648771930555462,0.147321842638475,0.30755716531333,1,-0.253681021572169
"i.2.1",0.211081348834999,-0.0812835442681138,0.0696293996775258,-0.253681021572169,1
Correlation for file  I49_ann
-,"i.2","i.1","i.0","i.1.1","i.2.1"
"i.2",1,0.0546039173327431,0.174708874407408,0.0894694008253228,0.0285686675022898
"i.1",0.0546039173327431,1,0.0527772094128822,0.176014355883436,0.0833017408214833
"i.0",0.174708874407408,0.0527772094128822,1,0.0738965283355989,0.18011250559801
"i.1.1",0.0894694008253228,0.176014355883436,0.0738965283355989,1,0.0572635826842178
"i.2.1",0.0285686675022898,0.0833017408214833,0.18011250559801,0.0572635826842178,1
Correlation for file  I50_ann
-,"i.2","i.1","i.0","i.1.1","i.2.1"
"i.2",1,0.498946426526282,0.513877233859346,0.458043203562178,0.45671266485769
"i.1",0.498946426526282,1,0.494473905032443,0.518090492740306,0.46384146098412
"i.0",0.513877233859346,0.494473905032443,1,0.500610271706755,0.523277108027286
"i.1.1",0.458043203562178,0.518090492740306,0.500610271706755,1,0.500119656930347
"i.2.1",0.45671266485769,0.46384146098412,0.523277108027286,0.500119656930347,1
Correlation for file  I51_ann
-,"i.2","i.1","i.0","i.1.1","i.2.1"
"i.2",1,-0.0854892537975057,0.942798815246683,0.108161830945423,0.826406910315335
"i.1",-0.0854892537975057,1,0.0441335163149508,0.618725977320349,0.213868811117173
"i.0",0.942798815246683,0.0441335163149508,1,0.1310777932762,0.872281039445238
"i.1.1",0.108161830945423,0.618725977320349,0.1310777932762,1,-0.0512669465456844
"i.2.1",0.826406910315335,0.213868811117173,0.872281039445238,-0.0512669465456844,1
Correlation for file  I52_ann
-,"i.2","i.1","i.0","i.1.1","i.2.1"
"i.2",1,-0.42970374732648,0.846008731420524,-0.416670781793542,0.797099332690459
"i.1",-0.42970374732648,1,-0.435071368665165,0.939193723338295,-0.423528095227147
"i.0",0.846008731420524,-0.435071368665165,1,-0.422912360576282,0.84760922297493
"i.1.1",-0.416670781793542,0.939193723338295,-0.422912360576282,1,-0.428345044774072
"i.2.1",0.797099332690459,-0.423528095227147,0.84760922297493,-0.428345044774072,1
Correlation for file  I53_ann
-,"i.2","i.1","i.0","i.1.1","i.2.1"
"i.2",1,-0.313056679160394,0.947563376705681,-0.180041116160304,0.85551534750839
"i.1",-0.313056679160394,1,-0.215455274266481,0.51570504593263,-0.0798900209613386
"i.0",0.947563376705681,-0.215455274266481,1,-0.117976081581647,0.892034780340604
"i.1.1",-0.180041116160304,0.51570504593263,-0.117976081581647,1,-0.286784007876094
"i.2.1",0.85551534750839,-0.0798900209613386,0.892034780340604,-0.286784007876094,1
Correlation for file  I54_ann
-,"i.2","i.1","i.0","i.1.1","i.2.1"
"i.2",1,0.751813953296234,0.836183405688637,0.858794591904913,0.8215358541544
"i.1",0.751813953296234,1,0.778936556573498,0.855460914843297,0.813167564628289
"i.0",0.836183405688637,0.778936556573498,1,0.9023853355518,0.855529805118784
"i.1.1",0.858794591904913,0.855460914843297,0.9023853355518,1,0.82204736605625
"i.2.1",0.8215358541544,0.813167564628289,0.855529805118784,0.82204736605625,1
Correlation for file  I55_ann
-,"i.2","i.1","i.0","i.1.1","i.2.1"
"i.2",1,0.599944461706193,0.740785516585003,0.745564341994624,0.671994309253564
"i.1",0.599944461706193,1,0.644037489125495,0.767279749171643,0.706486344263733
"i.0",0.740785516585003,0.644037489125495,1,0.834369809942255,0.762631705417969
"i.1.1",0.745564341994624,0.767279749171643,0.834369809942255,1,0.671316251893477
"i.2.1",0.671994309253564,0.706486344263733,0.762631705417969,0.671316251893477,1
Correlation for file  I56_ann
-,"i.2","i.1","i.0","i.1.1","i.2.1"
"i.2",1,0.747376381750344,0.819167572504113,0.765089455415202,0.749848993737131
"i.1",0.747376381750344,1,0.810806550440403,0.776883657305537,0.758167113728115
"i.0",0.819167572504113,0.810806550440403,1,0.88376926474257,0.834109536647296
"i.1.1",0.765089455415202,0.776883657305537,0.88376926474257,1,0.757428815440949
"i.2.1",0.749848993737131,0.758167113728115,0.834109536647296,0.757428815440949,1
Correlation for file  I57_ann
-,"i.2","i.1","i.0","i.1.1","i.2.1"
"i.2",1,0.966780323821206,0.973157734242077,0.968087357180811,0.957320542933494
"i.1",0.966780323821206,1,0.97096890492516,0.97298700904041,0.960806293681417
"i.0",0.973157734242077,0.97096890492516,1,0.981438311320254,0.973270622389282
"i.1.1",0.968087357180811,0.97298700904041,0.981438311320254,1,0.971957045656148
"i.2.1",0.957320542933494,0.960806293681417,0.973270622389282,0.971957045656148,1
Correlation for file  I58_ann
-,"i.2","i.1","i.0","i.1.1","i.2.1"
"i.2",1,0.858246825047734,0.836962460015525,0.786495004993848,0.719521420216893
"i.1",0.858246825047734,1,0.88966202322641,0.844351138181868,0.783810706564104
"i.0",0.836962460015525,0.88966202322641,1,0.917597441147264,0.845182854284106
"i.1.1",0.786495004993848,0.844351138181868,0.917597441147264,1,0.896658098199226
"i.2.1",0.719521420216893,0.783810706564104,0.845182854284106,0.896658098199226,1
Correlation for file  I59_ann
-,"i.2","i.1","i.0","i.1.1","i.2.1"
"i.2",1,0.932864609631838,0.93937531338885,0.944416987342497,0.937265582928787
"i.1",0.932864609631838,1,0.935228382503306,0.949235596353279,0.944156027660338
"i.0",0.93937531338885,0.935228382503306,1,0.93934756405013,0.945706739107465
"i.1.1",0.944416987342497,0.949235596353279,0.93934756405013,1,0.938859964413111
"i.2.1",0.937265582928787,0.944156027660338,0.945706739107465,0.938859964413111,1
Correlation for file  I60_ann
-,"i.2","i.1","i.0","i.1.1","i.2.1"
"i.2",1,0.940647961849036,0.874440316450494,0.81558434877225,0.767051537971503
"i.1",0.940647961849036,1,0.94075765452904,0.875123668521032,0.817124708357471
"i.0",0.874440316450494,0.94075765452904,1,0.941032651107984,0.876235307171273
"i.1.1",0.81558434877225,0.875123668521032,0.941032651107984,1,0.941631676280614
"i.2.1",0.767051537971503,0.817124708357471,0.876235307171273,0.941631676280614,1
Correlation for file  I61_ann
-,"i.2","i.1","i.0","i.1.1","i.2.1"
"i.2",1,0.506187455625655,0.43794866185833,0.542351122033877,0.231904169768219
"i.1",0.506187455625655,1,0.53123972845009,0.456280810505848,0.57245721249758
"i.0",0.43794866185833,0.53123972845009,1,0.532507596976922,0.46270092750265
"i.1.1",0.542351122033877,0.456280810505848,0.532507596976922,1,0.527562971765874
"i.2.1",0.231904169768219,0.57245721249758,0.46270092750265,0.527562971765874,1
Correlation for file  I62_ann
-,"i.2","i.1","i.0","i.1.1","i.2.1"
"i.2",1,0.810411237884945,0.837413245531282,0.818946239589815,0.787072389447147
"i.1",0.810411237884945,1,0.83893819103896,0.832251254161569,0.813155295938845
"i.0",0.837413245531282,0.83893819103896,1,0.900149653589874,0.844955284404324
"i.1.1",0.818946239589815,0.832251254161569,0.900149653589874,1,0.852695764655473
"i.2.1",0.787072389447147,0.813155295938845,0.844955284404324,0.852695764655473,1
Correlation for file  I63_ann
-,"i.2","i.1","i.0","i.1.1","i.2.1"
"i.2",1,-0.00802060273888907,0.215915753603504,0.302501540502465,0.254107307651532
"i.1",-0.00802060273888907,1,-0.083935401380521,0.337580171572423,0.26588965395023
"i.0",0.215915753603504,-0.083935401380521,1,0.413549629663576,0.27081324686504
"i.1.1",0.302501540502465,0.337580171572423,0.413549629663576,1,0.11379589401232
"i.2.1",0.254107307651532,0.26588965395023,0.27081324686504,0.11379589401232,1
Correlation for file  I64_ann
-,"i.2","i.1","i.0","i.1.1","i.2.1"
"i.2",1,0.716388689583005,0.757624036434088,0.717657543658222,0.641428886010371
"i.1",0.716388689583005,1,0.738101917332044,0.755395978385476,0.684292697485265
"i.0",0.757624036434088,0.738101917332044,1,0.849472576653896,0.745067153273755
"i.1.1",0.717657543658222,0.755395978385476,0.849472576653896,1,0.750457939620958
"i.2.1",0.641428886010371,0.684292697485265,0.745067153273755,0.750457939620958,1
Correlation for file  I65_ann
-,"i.2","i.1","i.0","i.1.1","i.2.1"
"i.2",1,0.133563955465988,0.520199413410041,0.551738834692069,0.33361686043407
"i.1",0.133563955465988,1,0.22445013128344,0.285747336396168,0.553854389822049
"i.0",0.520199413410041,0.22445013128344,1,0.624187546375003,0.323096896192676
"i.1.1",0.551738834692069,0.285747336396168,0.624187546375003,1,0.161596048173403
"i.2.1",0.33361686043407,0.553854389822049,0.323096896192676,0.161596048173403,1
Correlation for file  I66_ann
-,"i.2","i.1","i.0","i.1.1","i.2.1"
"i.2",1,-0.034313573929367,0.137990581564999,0.154448952863313,0.0640978211099579
"i.1",-0.034313573929367,1,0.0217248408792175,0.0305966739035757,0.130632939348143
"i.0",0.137990581564999,0.0217248408792175,1,0.19405754678717,-0.0304592323419371
"i.1.1",0.154448952863313,0.0305966739035757,0.19405754678717,1,-0.0743423578362646
"i.2.1",0.0640978211099579,0.130632939348143,-0.0304592323419371,-0.0743423578362646,1
Correlation for file  I67_ann
-,"i.2","i.1","i.0","i.1.1","i.2.1"
"i.2",1,-0.161286691084776,0.322589115643485,0.27922394758811,0.237508262058914
"i.1",-0.161286691084776,1,-0.0790349217310047,0.0497038049319615,0.342696272983052
"i.0",0.322589115643485,-0.0790349217310047,1,0.512374206555683,0.10592080332507
"i.1.1",0.27922394758811,0.0497038049319615,0.512374206555683,1,-0.16271278318475
"i.2.1",0.237508262058914,0.342696272983052,0.10592080332507,-0.16271278318475,1
Correlation for file  I68_ann
-,"i.2","i.1","i.0","i.1.1","i.2.1"
"i.2",1,-0.329817598369113,0.133583390921374,0.131993369665726,0.0859657949837271
"i.1",-0.329817598369113,1,-0.472910558265392,0.159374310981826,0.079520329997796
"i.0",0.133583390921374,-0.472910558265392,1,0.228621947522216,0.137411276357134
"i.1.1",0.131993369665726,0.159374310981826,0.228621947522216,1,-0.460401474804584
"i.2.1",0.0859657949837271,0.079520329997796,0.137411276357134,-0.460401474804584,1
Correlation for file  I69_ann
-,"i.2","i.1","i.0","i.1.1","i.2.1"
"i.2",1,-0.438614604268342,0.104684724901815,-0.0777829079159301,0.13777861896564
"i.1",-0.438614604268342,1,-0.548193020564136,0.0345668871378715,-0.024299907053076
"i.0",0.104684724901815,-0.548193020564136,1,0.127880760890787,0.070816037563678
"i.1.1",-0.0777829079159301,0.0345668871378715,0.127880760890787,1,-0.676608527180768
"i.2.1",0.13777861896564,-0.024299907053076,0.070816037563678,-0.676608527180768,1
Correlation for file  I70_ann
-,"i.2","i.1","i.0","i.1.1","i.2.1"
"i.2",1,-0.34365455953071,0.00529210178772215,-0.128537456364623,0.0766952455334424
"i.1",-0.34365455953071,1,-0.681048645879512,-0.114591309635843,-0.0944776703702837
"i.0",0.00529210178772215,-0.681048645879512,1,0.180476988027842,0.0390928810578396
"i.1.1",-0.128537456364623,-0.114591309635843,0.180476988027842,1,-0.433688841282498
"i.2.1",0.0766952455334424,-0.0944776703702837,0.0390928810578396,-0.433688841282498,1
Correlation for file  I71_ann
-,"i.2","i.1","i.0","i.1.1","i.2.1"
"i.2",1,0.607792392264402,0.678558571362485,0.612125065874335,0.608014299328282
"i.1",0.607792392264402,1,0.67539620905005,0.64026271520949,0.61889122457947
"i.0",0.678558571362485,0.67539620905005,1,0.737592778143459,0.706018657875082
"i.1.1",0.612125065874335,0.64026271520949,0.737592778143459,1,0.635752659297413
"i.2.1",0.608014299328282,0.61889122457947,0.706018657875082,0.635752659297413,1
Correlation for file  I72_ann
-,"i.2","i.1","i.0","i.1.1","i.2.1"
"i.2",1,-0.382848898598949,0.159284675773861,0.128923151345118,0.0393298293405543
"i.1",-0.382848898598949,1,-0.484588248356261,0.00249183941054847,0.178520086427066
"i.0",0.159284675773861,-0.484588248356261,1,0.323772482244765,0.0315753849617977
"i.1.1",0.128923151345118,0.00249183941054847,0.323772482244765,1,-0.527787276359237
"i.2.1",0.0393298293405543,0.178520086427066,0.0315753849617977,-0.527787276359237,1
Correlation for file  I73_ann
-,"i.2","i.1","i.0","i.1.1","i.2.1"
"i.2",1,-0.217413166094178,0.109050097782053,0.26861749900796,-0.00361822487972253
"i.1",-0.217413166094178,1,-0.520446645031591,0.068431345163648,0.237323456117184
"i.0",0.109050097782053,-0.520446645031591,1,0.169566546176826,-0.00824959924608335
"i.1.1",0.26861749900796,0.068431345163648,0.169566546176826,1,-0.234224148754755
"i.2.1",-0.00361822487972253,0.237323456117184,-0.00824959924608335,-0.234224148754755,1
Correlation for file  I74_ann
-,"i.2","i.1","i.0","i.1.1","i.2.1"
"i.2",1,0.0458964752319709,0.713553273151523,0.280082754760033,0.536144793918256
"i.1",0.0458964752319709,1,0.0149756171562386,0.610953345182084,0.195952518662803
"i.0",0.713553273151523,0.0149756171562386,1,0.253652152947851,0.667143013271629
"i.1.1",0.280082754760033,0.610953345182084,0.253652152947851,1,-0.0348042881894664
"i.2.1",0.536144793918256,0.195952518662803,0.667143013271629,-0.0348042881894664,1
