Correlation for file  I01_ann
"i.5";"i.4";"i.3";"i.2";"i.1";"i.0";"i.1.1";"i.2.1";"i.3.1";"i.4.1";"i.5.1"
"i.5";1;-0.336277269090745;-0.114565094561826;0.251313412878784;0.147465804914138;0.385757180724883;-0.0129238310984241;0.243206399367678;-0.0233891524066002;-0.0366796946028864;0.217190844091453
"i.4";-0.336277269090745;1;-0.613670315621102;0.0619599472926802;-0.0349830357229322;0.123470826880713;-0.144384602873158;-0.103138825886092;-0.0719060251408269;0.18206336275958;-0.287940253417604
"i.3";-0.114565094561826;-0.613670315621102;1;-0.529618741108977;0.128737123478665;-0.385083718094962;0.458743230981232;0.146908317486864;0.269356510984213;-0.269304415152215;0.24819740397449
"i.2";0.251313412878784;0.0619599472926802;-0.529618741108977;1;-0.173457894925299;0.301158209472222;0.132091851465583;0.231143646979936;-0.199111022499908;0.233602006664444;0.0538800985355283
"i.1";0.147465804914138;-0.0349830357229322;0.128737123478665;-0.173457894925299;1;0.293680692063747;0.352057684145343;0.368106451977327;0.12805235552011;-0.142347114406299;0.343055439028263
"i.0";0.385757180724883;0.123470826880713;-0.385083718094962;0.301158209472222;0.293680692063747;1;-0.289134400201322;0.173642254936749;0.00902967351437901;-0.0275586627240197;0.0957061860091281
"i.1.1";-0.0129238310984241;-0.144384602873158;0.458743230981232;0.132091851465583;0.352057684145343;-0.289134400201322;1;0.547402532281179;0.14512888025276;-0.00696776867296115;0.359787680456344
"i.2.1";0.243206399367678;-0.103138825886092;0.146908317486864;0.231143646979936;0.368106451977327;0.173642254936749;0.547402532281179;1;-0.201203954942023;-0.0340593353458512;0.308329515908393
"i.3.1";-0.0233891524066002;-0.0719060251408269;0.269356510984213;-0.199111022499908;0.12805235552011;0.00902967351437901;0.14512888025276;-0.201203954942023;1;-0.70271501969173;0.190061871742841
"i.4.1";-0.0366796946028864;0.18206336275958;-0.269304415152215;0.233602006664444;-0.142347114406299;-0.0275586627240197;-0.00696776867296115;-0.0340593353458512;-0.70271501969173;1;-0.589859237985264
"i.5.1";0.217190844091453;-0.287940253417604;0.24819740397449;0.0538800985355283;0.343055439028263;0.0957061860091281;0.359787680456344;0.308329515908393;0.190061871742841;-0.589859237985264;1
Correlation for file  I02_ann
"i.5";"i.4";"i.3";"i.2";"i.1";"i.0";"i.1.1";"i.2.1";"i.3.1";"i.4.1";"i.5.1"
"i.5";1;0.147769837664512;-0.182660710830451;-0.326983855907561;-0.386322970342404;0.151987146692791;0.403063540286852;-0.284372941616104;-0.352754446784814;-0.287533352262327;0.119817384221949
"i.4";0.147769837664512;1;0.0256944188617628;0.0285047138934616;-0.0599815661319051;-0.269092735037471;0.0116923950181377;0.00920611987491902;-0.0206230767127037;-0.0251372483473473;-0.015643570602947
"i.3";-0.182660710830451;0.0256944188617628;1;0.690699633620038;0.550402005582998;-0.0462853257956552;-0.48189069346016;0.566376147359752;0.599562461581698;0.510874707894602;0.113287974505583
"i.2";-0.326983855907561;0.0285047138934616;0.690699633620038;1;0.844637803225135;-0.0452458168912237;-0.738228908753391;0.885872886689084;0.926069515606293;0.789244284772709;0.139462947431428
"i.1";-0.386322970342404;-0.0599815661319051;0.550402005582998;0.844637803225135;1;-0.014050480571711;-0.698578505843199;0.754168224049988;0.90390714470834;0.628443662574089;0.135410160047821
"i.0";0.151987146692791;-0.269092735037471;-0.0462853257956552;-0.0452458168912237;-0.014050480571711;1;0.253907420121023;0.00897989922595277;-0.0116579886364731;0.0571699357948844;0.0372512452079943
"i.1.1";0.403063540286852;0.0116923950181377;-0.48189069346016;-0.738228908753391;-0.698578505843199;0.253907420121023;1;-0.473781962711676;-0.703755964059128;-0.622985619290224;-0.179360360237163
"i.2.1";-0.284372941616104;0.00920611987491902;0.566376147359752;0.885872886689084;0.754168224049988;0.00897989922595277;-0.473781962711676;1;0.863530133849232;0.749971505088289;-0.000714357895491217
"i.3.1";-0.352754446784814;-0.0206230767127037;0.599562461581698;0.926069515606293;0.90390714470834;-0.0116579886364731;-0.703755964059128;0.863530133849232;1;0.710196028197327;0.115892490336127
"i.4.1";-0.287533352262327;-0.0251372483473473;0.510874707894602;0.789244284772709;0.628443662574089;0.0571699357948844;-0.622985619290224;0.749971505088289;0.710196028197327;1;-0.142615344832388
"i.5.1";0.119817384221949;-0.015643570602947;0.113287974505583;0.139462947431428;0.135410160047821;0.0372512452079943;-0.179360360237163;-0.000714357895491217;0.115892490336127;-0.142615344832388;1
Correlation for file  I03_ann
"i.5";"i.4";"i.3";"i.2";"i.1";"i.0";"i.1.1";"i.2.1";"i.3.1";"i.4.1";"i.5.1"
"i.5";1;-0.48428013849843;0.378920839144631;-0.259905203828181;0.228152071987481;0.0302139420815921;-0.0940566248862836;-0.178404726992451;0.13835475348951;-0.162320609291016;0.207326701590714
"i.4";-0.48428013849843;1;-0.605868068512834;0.618444506450799;-0.37338865138655;0.206983412919371;0.393347381448166;0.523552739856986;-0.288481245322121;0.410810422198323;-0.285082407691861
"i.3";0.378920839144631;-0.605868068512834;1;-0.795415955214199;0.561792770043378;-0.0904899829881194;-0.0252219517191056;-0.373965858882962;0.335659514289374;-0.303788878862529;0.352205219853647
"i.2";-0.259905203828181;0.618444506450799;-0.795415955214199;1;-0.644578940975084;0.176451180940115;0.274730085109572;0.58284575763518;-0.348994101933224;0.41653244423891;-0.332996157220853
"i.1";0.228152071987481;-0.37338865138655;0.561792770043378;-0.644578940975084;1;-0.0819282400953409;0.124023861641956;-0.567178098350943;0.468539595737457;-0.38776147877408;0.380571149299339
"i.0";0.0302139420815921;0.206983412919371;-0.0904899829881194;0.176451180940115;-0.0819282400953409;1;-0.222457377807796;0.269653915220613;0.0332199588004741;0.152289089625856;-0.00762536997442419
"i.1.1";-0.0940566248862836;0.393347381448166;-0.0252219517191056;0.274730085109572;0.124023861641956;-0.222457377807796;1;0.364144524577181;-0.0106657786042829;0.318822209071574;-0.0402767166548636
"i.2.1";-0.178404726992451;0.523552739856986;-0.373965858882962;0.58284575763518;-0.567178098350943;0.269653915220613;0.364144524577181;1;-0.657439473027988;0.707283086301719;-0.472947194854796
"i.3.1";0.13835475348951;-0.288481245322121;0.335659514289374;-0.348994101933224;0.468539595737457;0.0332199588004741;-0.0106657786042829;-0.657439473027988;1;-0.744906900961767;0.508178524819343
"i.4.1";-0.162320609291016;0.410810422198323;-0.303788878862529;0.41653244423891;-0.38776147877408;0.152289089625856;0.318822209071574;0.707283086301719;-0.744906900961767;1;-0.652937846537331
"i.5.1";0.207326701590714;-0.285082407691861;0.352205219853647;-0.332996157220853;0.380571149299339;-0.00762536997442419;-0.0402767166548636;-0.472947194854796;0.508178524819343;-0.652937846537331;1
Correlation for file  I04_ann
"i.5";"i.4";"i.3";"i.2";"i.1";"i.0";"i.1.1";"i.2.1";"i.3.1";"i.4.1";"i.5.1"
"i.5";1;0.781819281658577;0.836158400820176;0.746432782609244;0.824943266819213;0.594742221507586;0.769312017636182;0.789963064061559;0.818898530065333;0.826663747331117;0.766987988982883
"i.4";0.781819281658577;1;0.597414038688026;0.814664800678329;0.683352332032588;0.533151456315036;0.642992814201841;0.758459285124073;0.785674463099729;0.853441144824169;0.725614126067941
"i.3";0.836158400820176;0.597414038688026;1;0.744029513435779;0.778911404970127;0.432911799566977;0.73632367877177;0.762702684375967;0.757776708795968;0.731206063290159;0.780092297486056
"i.2";0.746432782609244;0.814664800678329;0.744029513435779;1;0.602701771041727;0.517857333526741;0.674446139035287;0.773572005441363;0.708040497567221;0.77114382625102;0.784658363365462
"i.1";0.824943266819213;0.683352332032588;0.778911404970127;0.602701771041727;1;0.485307029465023;0.795672085051286;0.684946665470815;0.742869084856015;0.752232210715485;0.730044577017957
"i.0";0.594742221507586;0.533151456315036;0.432911799566977;0.517857333526741;0.485307029465023;1;0.411714571291072;0.649117377288208;0.543885682597418;0.667729060373978;0.454855331322834
"i.1.1";0.769312017636182;0.642992814201841;0.73632367877177;0.674446139035287;0.795672085051286;0.411714571291072;1;0.748863320298661;0.744302277994734;0.637888390535545;0.782311530223175
"i.2.1";0.789963064061559;0.758459285124073;0.762702684375967;0.773572005441363;0.684946665470815;0.649117377288208;0.748863320298661;1;0.677687431975921;0.814752085569776;0.745027130163945
"i.3.1";0.818898530065333;0.785674463099729;0.757776708795968;0.708040497567221;0.742869084856015;0.543885682597418;0.744302277994734;0.677687431975921;1;0.782647129137922;0.827717316190264
"i.4.1";0.826663747331117;0.853441144824169;0.731206063290159;0.77114382625102;0.752232210715485;0.667729060373978;0.637888390535545;0.814752085569776;0.782647129137922;1;0.652825931323224
"i.5.1";0.766987988982883;0.725614126067941;0.780092297486056;0.784658363365462;0.730044577017957;0.454855331322834;0.782311530223175;0.745027130163945;0.827717316190264;0.652825931323224;1
Correlation for file  I05_ann
"i.5";"i.4";"i.3";"i.2";"i.1";"i.0";"i.1.1";"i.2.1";"i.3.1";"i.4.1";"i.5.1"
"i.5";1;0.622901072477881;0.591488106395632;0.630328187512235;0.499303127701341;0.403552760471649;0.541303078867435;0.48585119673421;0.451188018018532;0.41419413261261;0.324637875400429
"i.4";0.622901072477881;1;0.692778280452888;0.687007357461953;0.649464356128157;0.406533337856182;0.576636136309573;0.52676718732678;0.485092286437177;0.4359192601157;0.362213035219788
"i.3";0.591488106395632;0.692778280452888;1;0.668504447654017;0.65445882941928;0.459918751891442;0.591991629883002;0.537334699500524;0.547890206813061;0.486962052377699;0.428685309522816
"i.2";0.630328187512235;0.687007357461953;0.668504447654017;1;0.698911852011209;0.447048663335765;0.677701128374028;0.553118476852008;0.518249351821765;0.537732159780195;0.43587932978425
"i.1";0.499303127701341;0.649464356128157;0.65445882941928;0.698911852011209;1;0.464696423552074;0.678634944467597;0.615167864312256;0.532543205324898;0.532303210382445;0.46819166905191
"i.0";0.403552760471649;0.406533337856182;0.459918751891442;0.447048663335765;0.464696423552074;1;0.39700068128619;0.442308872753477;0.434542442790552;0.349923786548189;0.361586964182744
"i.1.1";0.541303078867435;0.576636136309573;0.591991629883002;0.677701128374028;0.678634944467597;0.39700068128619;1;0.660373202869024;0.608495314694694;0.597229179121523;0.51052704077981
"i.2.1";0.48585119673421;0.52676718732678;0.537334699500524;0.553118476852008;0.615167864312256;0.442308872753477;0.660373202869024;1;0.654405584712845;0.665788525944314;0.551825420287162
"i.3.1";0.451188018018532;0.485092286437177;0.547890206813061;0.518249351821765;0.532543205324898;0.434542442790552;0.608495314694694;0.654405584712845;1;0.679746689457635;0.651964858457956
"i.4.1";0.41419413261261;0.4359192601157;0.486962052377699;0.537732159780195;0.532303210382445;0.349923786548189;0.597229179121523;0.665788525944314;0.679746689457635;1;0.688534599328802
"i.5.1";0.324637875400429;0.362213035219788;0.428685309522816;0.43587932978425;0.46819166905191;0.361586964182744;0.51052704077981;0.551825420287162;0.651964858457956;0.688534599328802;1
Correlation for file  I06_ann
"i.5";"i.4";"i.3";"i.2";"i.1";"i.0";"i.1.1";"i.2.1";"i.3.1";"i.4.1";"i.5.1"
"i.5";1;0.432524755532276;0.191647228461512;0.285961864325789;0.127028128580293;0.238203660152978;0.368331521237584;0.10504777635248;0.139168753391408;-0.0479080621107454;0.297704733441472
"i.4";0.432524755532276;1;-0.684379380635913;-0.0627749291668451;-0.140791239783294;0.0969761313824165;0.126660342455272;-0.0522125431623737;0.0443403364080851;-0.13085810527278;0.14430740672747
"i.3";0.191647228461512;-0.684379380635913;1;0.274705747833496;0.388795710208392;0.223416302331094;0.181479400556856;0.193430764369904;0.185521836386198;0.222784794710484;0.0500906558185569
"i.2";0.285961864325789;-0.0627749291668451;0.274705747833496;1;-0.0963716576032261;0.302599594783967;-0.0340346776492777;0.257048720268485;0.256485959079821;0.122291891050922;0.177829800821669
"i.1";0.127028128580293;-0.140791239783294;0.388795710208392;-0.0963716576032261;1;0.202280267311057;0.171751999310779;0.327266727969687;0.398565148449416;0.394016032967957;0.174688015022023
"i.0";0.238203660152978;0.0969761313824165;0.223416302331094;0.302599594783967;0.202280267311057;1;-0.0104911659813042;0.152491972154154;0.249762833256017;0.251602623317541;-0.0041196528454187
"i.1.1";0.368331521237584;0.126660342455272;0.181479400556856;-0.0340346776492777;0.171751999310779;-0.0104911659813042;1;-0.267623706153255;0.0760462972281814;-0.0718488650789049;0.169540033880076
"i.2.1";0.10504777635248;-0.0522125431623737;0.193430764369904;0.257048720268485;0.327266727969687;0.152491972154154;-0.267623706153255;1;0.441008541113157;0.299151163947305;0.382567873510436
"i.3.1";0.139168753391408;0.0443403364080851;0.185521836386198;0.256485959079821;0.398565148449416;0.249762833256017;0.0760462972281814;0.441008541113157;1;0.27948851031986;0.393449438441183
"i.4.1";-0.0479080621107454;-0.13085810527278;0.222784794710484;0.122291891050922;0.394016032967957;0.251602623317541;-0.0718488650789049;0.299151163947305;0.27948851031986;1;-0.447135455346348
"i.5.1";0.297704733441472;0.14430740672747;0.0500906558185569;0.177829800821669;0.174688015022023;-0.0041196528454187;0.169540033880076;0.382567873510436;0.393449438441183;-0.447135455346348;1
Correlation for file  I07_ann
"i.5";"i.4";"i.3";"i.2";"i.1";"i.0";"i.1.1";"i.2.1";"i.3.1";"i.4.1";"i.5.1"
"i.5";1;0.184814341623687;0.672554127856193;0.269011987845616;0.48714394284701;0.228204425475391;0.442524368524797;0.335658754358012;0.461251728600204;0.443023925104026;0.5423328734846
"i.4";0.184814341623687;1;-0.0987371585601719;0.499014469486587;0.330685869554081;0.245781743394581;0.288495578327114;0.190393823503178;0.250331616549316;0.248193567279399;0.33688141540745
"i.3";0.672554127856193;-0.0987371585601719;1;0.138099812639681;0.527094848672534;0.271689298127964;0.349999782684717;0.188317459036474;0.501455933574879;0.407128133311313;0.471153612733934
"i.2";0.269011987845616;0.499014469486587;0.138099812639681;1;0.138680313190661;0.225414726091758;0.280229119517254;0.491946592580616;0.356699244093104;0.334359623787829;0.365266969814538
"i.1";0.48714394284701;0.330685869554081;0.527094848672534;0.138680313190661;1;0.29457026675481;0.288017147107274;0.0276308999515737;0.295855889863262;0.220807715672925;0.430899995286904
"i.0";0.228204425475391;0.245781743394581;0.271689298127964;0.225414726091758;0.29457026675481;1;-0.0292973613798064;0.196784190718975;0.157351149509462;0.228828823959332;0.0470288597853934
"i.1.1";0.442524368524797;0.288495578327114;0.349999782684717;0.280229119517254;0.288017147107274;-0.0292973613798064;1;0.137381140284787;0.123550133756715;0.156868329678618;0.274956606631328
"i.2.1";0.335658754358012;0.190393823503178;0.188317459036474;0.491946592580616;0.0276308999515737;0.196784190718975;0.137381140284787;1;0.260367262192787;0.372558633257966;0.251345866014933
"i.3.1";0.461251728600204;0.250331616549316;0.501455933574879;0.356699244093104;0.295855889863262;0.157351149509462;0.123550133756715;0.260367262192787;1;0.671416006653655;0.290147226682828
"i.4.1";0.443023925104026;0.248193567279399;0.407128133311313;0.334359623787829;0.220807715672925;0.228828823959332;0.156868329678618;0.372558633257966;0.671416006653655;1;0.127943433250061
"i.5.1";0.5423328734846;0.33688141540745;0.471153612733934;0.365266969814538;0.430899995286904;0.0470288597853934;0.274956606631328;0.251345866014933;0.290147226682828;0.127943433250061;1
Correlation for file  I08_ann
"i.5";"i.4";"i.3";"i.2";"i.1";"i.0";"i.1.1";"i.2.1";"i.3.1";"i.4.1";"i.5.1"
"i.5";1;-0.201396149805315;0.658075708918071;0.0176363875817022;0.53296246643693;0.199659642099655;0.456187474613288;-0.0505519600901743;0.504979328752388;0.0947672879201377;0.42178982687186
"i.4";-0.201396149805315;1;-0.273099490074809;0.547349628392194;0.121363237669093;0.298096197433457;0.0886958037388093;0.460726961309347;-0.00405894478700782;0.370741076395772;0.046823895006592
"i.3";0.658075708918071;-0.273099490074809;1;-0.18164472431265;0.62406694857711;0.220414271681161;0.533916069281406;-0.204103493256801;0.556528888000813;0.049542633717017;0.465649792430848
"i.2";0.0176363875817022;0.547349628392194;-0.18164472431265;1;-0.123163044642677;0.254358083376513;0.0418920792538038;0.370304928916215;0.0287592425955872;0.378499682292331;-0.0561486057621908
"i.1";0.53296246643693;0.121363237669093;0.62406694857711;-0.123163044642677;1;0.340531144545293;0.552781314104263;0.148152220948003;0.546441450543357;0.13071707460116;0.580278189639897
"i.0";0.199659642099655;0.298096197433457;0.220414271681161;0.254358083376513;0.340531144545293;1;0.103866859962006;0.297403242921945;0.122827092339022;0.250897256992785;0.165546444346749
"i.1.1";0.456187474613288;0.0886958037388093;0.533916069281406;0.0418920792538038;0.552781314104263;0.103866859962006;1;-0.355419948800953;0.721858805593299;0.043354156753227;0.542177779015663
"i.2.1";-0.0505519600901743;0.460726961309347;-0.204103493256801;0.370304928916215;0.148152220948003;0.297403242921945;-0.355419948800953;1;-0.363893330286627;0.520704694407422;-0.145022219510546
"i.3.1";0.504979328752388;-0.00405894478700782;0.556528888000813;0.0287592425955872;0.546441450543357;0.122827092339022;0.721858805593299;-0.363893330286627;1;-0.248803607106535;0.634998055848008
"i.4.1";0.0947672879201377;0.370741076395772;0.049542633717017;0.378499682292331;0.13071707460116;0.250897256992785;0.043354156753227;0.520704694407422;-0.248803607106535;1;-0.254206645065673
"i.5.1";0.42178982687186;0.046823895006592;0.465649792430848;-0.0561486057621908;0.580278189639897;0.165546444346749;0.542177779015663;-0.145022219510546;0.634998055848008;-0.254206645065673;1
Correlation for file  I09_ann
"i.5";"i.4";"i.3";"i.2";"i.1";"i.0";"i.1.1";"i.2.1";"i.3.1";"i.4.1";"i.5.1"
"i.5";1;0.459831966112689;0.47223621955954;0.369878424325997;0.207382030625857;0.138832293010233;0.35716170185004;0.506996995245746;0.499050637741871;0.564263786684107;0.423953844631318
"i.4";0.459831966112689;1;0.677169935333824;0.5749319080284;0.402512589510891;0.171455943310312;0.332100638929044;0.259156281298641;0.548963046359162;0.505154011351465;0.602715464716443
"i.3";0.47223621955954;0.677169935333824;1;0.672853475852633;0.429062019486136;0.240172689898578;0.238890937867921;0.259811963398207;0.542162233711699;0.51235038690237;0.53746548992864
"i.2";0.369878424325997;0.5749319080284;0.672853475852633;1;0.0687719339687859;0.267345480123822;0.33666373726983;0.262911718174982;0.447307881341678;0.436687056468108;0.478252093497408
"i.1";0.207382030625857;0.402512589510891;0.429062019486136;0.0687719339687859;1;0.134185871288244;0.195144938286516;0.337144719684719;0.293256041048509;0.234290400949102;0.22371659282165
"i.0";0.138832293010233;0.171455943310312;0.240172689898578;0.267345480123822;0.134185871288244;1;-0.00293781557128026;0.220792413292253;0.179704874462284;0.198211173607766;0.191567172572241
"i.1.1";0.35716170185004;0.332100638929044;0.238890937867921;0.33666373726983;0.195144938286516;-0.00293781557128026;1;0.0999608464350765;0.459219642659276;0.25022841009755;0.142768744342492
"i.2.1";0.506996995245746;0.259156281298641;0.259811963398207;0.262911718174982;0.337144719684719;0.220792413292253;0.0999608464350765;1;0.382604319589041;0.348999471010962;0.291096361433064
"i.3.1";0.499050637741871;0.548963046359162;0.542162233711699;0.447307881341678;0.293256041048509;0.179704874462284;0.459219642659276;0.382604319589041;1;0.608964886064655;0.369887061562269
"i.4.1";0.564263786684107;0.505154011351465;0.51235038690237;0.436687056468108;0.234290400949102;0.198211173607766;0.25022841009755;0.348999471010962;0.608964886064655;1;0.548689139356223
"i.5.1";0.423953844631318;0.602715464716443;0.53746548992864;0.478252093497408;0.22371659282165;0.191567172572241;0.142768744342492;0.291096361433064;0.369887061562269;0.548689139356223;1
Correlation for file  I10_ann
"i.5";"i.4";"i.3";"i.2";"i.1";"i.0";"i.1.1";"i.2.1";"i.3.1";"i.4.1";"i.5.1"
"i.5";1;-0.176338352329373;0.000340647872148833;0.281839143953891;0.267559984100155;-0.334899929463269;0.37662979483753;0.230924391618057;0.0937300027162607;0.118811750686808;-0.0110473434425435
"i.4";-0.176338352329373;1;-0.497355340086445;0.135612432342811;0.169062764956714;0.00602442634341293;0.122240628740279;0.10437129489341;-0.0227493496833004;0.123463462307715;-0.0544025427340714
"i.3";0.000340647872148833;-0.497355340086445;1;-0.393456269209394;0.371450845972693;0.0981770847092517;0.129728147680736;0.333787344409026;0.231672522884119;-0.0333154145571215;0.274194749107193
"i.2";0.281839143953891;0.135612432342811;-0.393456269209394;1;0.296755641886697;-0.252828444503617;0.443792150538301;0.346980356208422;0.0440234418152538;0.210079110162879;-0.0398693145373579
"i.1";0.267559984100155;0.169062764956714;0.371450845972693;0.296755641886697;1;-0.251949555984899;0.690520371875621;0.733686283600741;0.220322243169671;0.257998674503073;0.339970281263343
"i.0";-0.334899929463269;0.00602442634341293;0.0981770847092517;-0.252828444503617;-0.251949555984899;1;-0.762858491317866;-0.249546572896569;0.000571588839194206;-0.137601688072505;-0.0453253897399594
"i.1.1";0.37662979483753;0.122240628740279;0.129728147680736;0.443792150538301;0.690520371875621;-0.762858491317866;1;0.722169080463368;0.172406054445958;0.293259550484141;0.192289522182172
"i.2.1";0.230924391618057;0.10437129489341;0.333787344409026;0.346980356208422;0.733686283600741;-0.249546572896569;0.722169080463368;1;0.391314439466675;0.103209413466217;0.390478106482683
"i.3.1";0.0937300027162607;-0.0227493496833004;0.231672522884119;0.0440234418152538;0.220322243169671;0.000571588839194206;0.172406054445958;0.391314439466675;1;-0.600528861370498;0.219737643734888
"i.4.1";0.118811750686808;0.123463462307715;-0.0333154145571215;0.210079110162879;0.257998674503073;-0.137601688072505;0.293259550484141;0.103209413466217;-0.600528861370498;1;-0.497824601356928
"i.5.1";-0.0110473434425435;-0.0544025427340714;0.274194749107193;-0.0398693145373579;0.339970281263343;-0.0453253897399594;0.192289522182172;0.390478106482683;0.219737643734888;-0.497824601356928;1
Correlation for file  I11_ann
"i.5";"i.4";"i.3";"i.2";"i.1";"i.0";"i.1.1";"i.2.1";"i.3.1";"i.4.1";"i.5.1"
"i.5";1;0.558984264169905;0.540795643382257;0.0822193724193741;0.0840802378853424;0.324433161394587;0.363526616008771;-0.0681510355022936;0.202648500259735;0.171159839669514;0.151077497802569
"i.4";0.558984264169905;1;0.448810053857369;0.120794635713948;0.0109110528316929;0.256631934035931;0.2420735292031;-0.0040743647929285;0.297458642839894;0.24143802201479;0.00870564064996913
"i.3";0.540795643382257;0.448810053857369;1;0.405857787935759;-0.160970593243136;0.287633212613555;-0.0673961833187318;-0.326951914425274;-0.280719138001102;-0.143864562142638;0.0673388992641557
"i.2";0.0822193724193741;0.120794635713948;0.405857787935759;1;0.351861161543256;0.392613575501433;-0.102248204978012;-0.0685421965671546;-0.0293221940280512;-0.0692330891259183;0.0765707030371084
"i.1";0.0840802378853424;0.0109110528316929;-0.160970593243136;0.351861161543256;1;0.0757970596103791;0.485099452321086;0.190392264530544;0.216617330000156;0.208040989552381;0.163614938065071
"i.0";0.324433161394587;0.256631934035931;0.287633212613555;0.392613575501433;0.0757970596103791;1;0.0525366502867073;0.449556680720286;0.14586364720045;0.315900308443053;0.365670817812419
"i.1.1";0.363526616008771;0.2420735292031;-0.0673961833187318;-0.102248204978012;0.485099452321086;0.0525366502867073;1;0.24678630709935;0.379596871790873;0.240345510074016;0.0536269290215809
"i.2.1";-0.0681510355022936;-0.0040743647929285;-0.326951914425274;-0.0685421965671546;0.190392264530544;0.449556680720286;0.24678630709935;1;0.278589466920495;0.447284508560997;0.22730572701281
"i.3.1";0.202648500259735;0.297458642839894;-0.280719138001102;-0.0293221940280512;0.216617330000156;0.14586364720045;0.379596871790873;0.278589466920495;1;0.480390312140831;0.040615570104525
"i.4.1";0.171159839669514;0.24143802201479;-0.143864562142638;-0.0692330891259183;0.208040989552381;0.315900308443053;0.240345510074016;0.447284508560997;0.480390312140831;1;0.404776955830439
"i.5.1";0.151077497802569;0.00870564064996913;0.0673388992641557;0.0765707030371084;0.163614938065071;0.365670817812419;0.0536269290215809;0.22730572701281;0.040615570104525;0.404776955830439;1
Correlation for file  I12_ann
"i.5";"i.4";"i.3";"i.2";"i.1";"i.0";"i.1.1";"i.2.1";"i.3.1";"i.4.1";"i.5.1"
"i.5";1;0.975985686041639;0.984970380122193;0.975686616288626;0.915708866769209;0.402011174575925;0.469625182126214;0.109827104060686;0.895500504257212;0.972130286950917;0.960771690707123
"i.4";0.975985686041639;1;0.988623079523068;0.989698513440147;0.944733694469224;0.494001978549456;0.359731367290882;0.220399103594468;0.904136354373585;0.976176333960453;0.956008168869477
"i.3";0.984970380122193;0.988623079523068;1;0.997983823978989;0.953394381530332;0.474030962053429;0.396128434337671;0.174055076541535;0.940315612619634;0.992173142684646;0.984012901060982
"i.2";0.975686616288626;0.989698513440147;0.997983823978989;1;0.949583519859201;0.475107285287376;0.399059323209838;0.167548432364453;0.932853484210387;0.990163492169835;0.985280707918484
"i.1";0.915708866769209;0.944733694469224;0.953394381530332;0.949583519859201;1;0.703609953667416;0.13310084218177;0.321205470601945;0.977239712229289;0.94453682572246;0.939040104952494
"i.0";0.402011174575925;0.494001978549456;0.474030962053429;0.475107285287376;0.703609953667416;1;-0.434790412994378;0.390249968335836;0.641003928413373;0.480422406865275;0.479342436589989
"i.1.1";0.469625182126214;0.359731367290882;0.396128434337671;0.399059323209838;0.13310084218177;-0.434790412994378;1;-0.707984888760666;0.156063401293732;0.400489265534836;0.450277449330833
"i.2.1";0.109827104060686;0.220399103594468;0.174055076541535;0.167548432364453;0.321205470601945;0.390249968335836;-0.707984888760666;1;0.305840410848531;0.159347927212906;0.0473726579864462
"i.3.1";0.895500504257212;0.904136354373585;0.940315612619634;0.932853484210387;0.977239712229289;0.641003928413373;0.156063401293732;0.305840410848531;1;0.945990532915428;0.937795746138966
"i.4.1";0.972130286950917;0.976176333960453;0.992173142684646;0.990163492169835;0.94453682572246;0.480422406865275;0.400489265534836;0.159347927212906;0.945990532915428;1;0.979259568664012
"i.5.1";0.960771690707123;0.956008168869477;0.984012901060982;0.985280707918484;0.939040104952494;0.479342436589989;0.450277449330833;0.0473726579864462;0.937795746138966;0.979259568664012;1
Correlation for file  I13_ann
"i.5";"i.4";"i.3";"i.2";"i.1";"i.0";"i.1.1";"i.2.1";"i.3.1";"i.4.1";"i.5.1"
"i.5";1;-0.0396461910910145;-0.388313955458858;-0.265043305621324;0.0423551076297479;0.0243486395679535;0.0241815829392036;0.0917216573241601;0.0522347660774493;0.0182020880427977;-0.0456785144781565
"i.4";-0.0396461910910145;1;0.84726158651118;0.460838919302599;-0.308469492418646;-0.0729940892483998;0.0487817466114587;-0.173225129183348;-0.238633679892518;-0.0101558392987704;0.0478889580361052
"i.3";-0.388313955458858;0.84726158651118;1;0.470229630689245;-0.0348271117171095;-0.179267291211358;-0.118503802685092;0.0285734517262598;-0.0184638034225362;-0.0628181183984681;-0.0157961462314209
"i.2";-0.265043305621324;0.460838919302599;0.470229630689245;1;0.337145938550266;-0.312852272604606;-0.0032803311992323;0.34234876701677;0.224217185366747;-0.157102502438449;-0.134116876134784
"i.1";0.0423551076297479;-0.308469492418646;-0.0348271117171095;0.337145938550266;1;-0.432149647699698;-0.320567219659494;0.815944116727352;0.754780313942763;-0.104320750038246;-0.180984038009509
"i.0";0.0243486395679535;-0.0729940892483998;-0.179267291211358;-0.312852272604606;-0.432149647699698;1;0.163039519892104;-0.396562676571358;-0.43269210579115;0.04579438949759;0.108061522383121
"i.1.1";0.0241815829392036;0.0487817466114587;-0.118503802685092;-0.0032803311992323;-0.320567219659494;0.163039519892104;1;0.111133349394387;-0.626034647985668;0.0256428099782959;-0.0123930339208285
"i.2.1";0.0917216573241601;-0.173225129183348;0.0285734517262598;0.34234876701677;0.815944116727352;-0.396562676571358;0.111133349394387;1;0.563383660569246;-0.150979444457176;-0.234342999228787
"i.3.1";0.0522347660774493;-0.238633679892518;-0.0184638034225362;0.224217185366747;0.754780313942763;-0.43269210579115;-0.626034647985668;0.563383660569246;1;-0.063595937425541;-0.14585149023086
"i.4.1";0.0182020880427977;-0.0101558392987704;-0.0628181183984681;-0.157102502438449;-0.104320750038246;0.04579438949759;0.0256428099782959;-0.150979444457176;-0.063595937425541;1;0.529438062885189
"i.5.1";-0.0456785144781565;0.0478889580361052;-0.0157961462314209;-0.134116876134784;-0.180984038009509;0.108061522383121;-0.0123930339208285;-0.234342999228787;-0.14585149023086;0.529438062885189;1
Correlation for file  I14_ann
"i.5";"i.4";"i.3";"i.2";"i.1";"i.0";"i.1.1";"i.2.1";"i.3.1";"i.4.1";"i.5.1"
"i.5";1;0.752361512376948;0.34836953538008;0.168860745615321;-0.106243901266181;0.127868590524341;-0.0596209150617368;-0.107985962930293;-0.0782316386499851;0.126430060403316;0.169917345936906
"i.4";0.752361512376948;1;0.759733688495873;0.248501447603469;-0.0877042178436791;0.0440300084558828;0.00741226157788201;-0.0948455547551435;-0.124202141974552;0.199427836915742;0.42228222962899
"i.3";0.34836953538008;0.759733688495873;1;0.626374762831786;0.144207832363355;0.0281747709795913;-0.138188609237702;0.122790143250821;0.0427728781180984;0.163552933626367;0.466448479306804
"i.2";0.168860745615321;0.248501447603469;0.626374762831786;1;0.531663671342028;0.0471300549218218;-0.407029707100146;0.335107270793457;0.296376574689586;0.109697525470633;0.190407532773745
"i.1";-0.106243901266181;-0.0877042178436791;0.144207832363355;0.531663671342028;1;-0.13578509985856;0.0399806649780824;0.626955703742346;0.450910067106664;0.302387674370041;0.106733687240508
"i.0";0.127868590524341;0.0440300084558828;0.0281747709795913;0.0471300549218218;-0.13578509985856;1;0.0603450252023393;0.0440981967865973;0.141128599187215;-0.159767312166237;0.0952601892019446
"i.1.1";-0.0596209150617368;0.00741226157788201;-0.138188609237702;-0.407029707100146;0.0399806649780824;0.0603450252023393;1;0.195291738463633;0.171159525754337;0.13935495511623;0.12016199058132
"i.2.1";-0.107985962930293;-0.0948455547551435;0.122790143250821;0.335107270793457;0.626955703742346;0.0440981967865973;0.195291738463633;1;0.799509303421988;0.352312194806387;0.0875836410451329
"i.3.1";-0.0782316386499851;-0.124202141974552;0.0427728781180984;0.296376574689586;0.450910067106664;0.141128599187215;0.171159525754337;0.799509303421988;1;0.442020786116911;-0.0643176045548812
"i.4.1";0.126430060403316;0.199427836915742;0.163552933626367;0.109697525470633;0.302387674370041;-0.159767312166237;0.13935495511623;0.352312194806387;0.442020786116911;1;0.306742181530572
"i.5.1";0.169917345936906;0.42228222962899;0.466448479306804;0.190407532773745;0.106733687240508;0.0952601892019446;0.12016199058132;0.0875836410451329;-0.0643176045548812;0.306742181530572;1
Correlation for file  I15_ann
"i.5";"i.4";"i.3";"i.2";"i.1";"i.0";"i.1.1";"i.2.1";"i.3.1";"i.4.1";"i.5.1"
"i.5";1;0.92417006256536;0.626682193091248;-0.344681586729901;-0.391083082552941;0.771412688379258;-0.41664287486998;-0.481748275861335;-0.361530796221261;-0.19525441139614;-0.0589825310080281
"i.4";0.92417006256536;1;0.876829356985536;0.0400289310113656;-0.009868754765193;0.955984637576924;-0.0378010583473717;-0.11048345655338;0.0220281885027004;0.1941808585135;0.326806363275595
"i.3";0.626682193091248;0.876829356985536;1;0.515514893611265;0.472125076503409;0.979310654996373;0.44731299009168;0.380983080294336;0.5;0.641913479557509;0.740954930053755
"i.2";-0.344681586729901;0.0400289310113656;0.515514893611265;1;0.998754827137081;0.331448597755578;0.996971242614263;0.988658856426544;0.999837830489721;0.987952374572795;0.957415557499997
"i.1";-0.391083082552941;-0.009868754765193;0.472125076503409;0.998754827137081;1;0.283968055381768;0.999609671418262;0.994919898166261;0.999491273696269;0.9790016519735;0.941820123533375
"i.0";0.771412688379258;0.955984637576924;0.979310654996373;0.331448597755578;0.283968055381768;1;0.25706978142647;0.185999926817825;0.314404134184329;0.473465671086529;0.58972745946276
"i.1.1";-0.41664287486998;-0.0378010583473717;0.44731299009168;0.996971242614263;0.999609671418262;0.25706978142647;1;0.997344014933486;0.998210119187791;0.972924392371836;0.932062221086457
"i.2.1";-0.481748275861335;-0.11048345655338;0.380983080294336;0.988658856426544;0.994919898166261;0.185999926817825;0.997344014933486;1;0.991203048367875;0.953506464881096;0.9031987384001
"i.3.1";-0.361530796221261;0.0220281885027004;0.5;0.999837830489721;0.999491273696269;0.314404134184329;0.998210119187791;0.991203048367875;1;0.985005166907212;0.952060944608078
"i.4.1";-0.19525441139614;0.1941808585135;0.641913479557509;0.987952374572795;0.9790016519735;0.473465671086529;0.972924392371836;0.953506464881096;0.985005166907212;1;0.990561750492485
"i.5.1";-0.0589825310080281;0.326806363275595;0.740954930053755;0.957415557499997;0.941820123533375;0.58972745946276;0.932062221086457;0.9031987384001;0.952060944608078;0.990561750492485;1
Correlation for file  I16_ann
"i.5";"i.4";"i.3";"i.2";"i.1";"i.0";"i.1.1";"i.2.1";"i.3.1";"i.4.1";"i.5.1"
"i.5";1;1;1;1;1;1;1;1;1;1;1
"i.4";1;1;1;1;1;1;1;1;1;1;1
"i.3";1;1;1;1;1;1;1;1;1;1;1
"i.2";1;1;1;1;1;1;1;1;1;1;1
"i.1";1;1;1;1;1;1;1;1;1;1;1
"i.0";1;1;1;1;1;1;1;1;1;1;1
"i.1.1";1;1;1;1;1;1;1;1;1;1;1
"i.2.1";1;1;1;1;1;1;1;1;1;1;1
"i.3.1";1;1;1;1;1;1;1;1;1;1;1
"i.4.1";1;1;1;1;1;1;1;1;1;1;1
"i.5.1";1;1;1;1;1;1;1;1;1;1;1
Correlation for file  I17_ann
"i.5";"i.4";"i.3";"i.2";"i.1";"i.0";"i.1.1";"i.2.1";"i.3.1";"i.4.1";"i.5.1"
"i.5";1;0.986436706841082;0.151687214293068;0.329056103493671;0.548151710486794;0.363299100247077;0.0756373476270687;0.0680919938336179;0.292854044741927;0.327643031847648;0.319130820858423
"i.4";0.986436706841082;1;0.172614160616255;0.348274417507485;0.56307812510833;0.390783763286381;0.0194124715935526;0.0180493766915097;0.226996931827168;0.263287843916191;0.327782605381374
"i.3";0.151687214293068;0.172614160616255;1;0.864728430358734;0.351945898367999;0.295730608258394;0.0501514158250165;0.554139191177175;0.260558586978603;0.0284960383774143;0.67175358572413
"i.2";0.329056103493671;0.348274417507485;0.864728430358734;1;0.73959563900389;0.625163810205553;0.10718920201671;0.528882156876497;0.231824437545823;0.0439501183565391;0.561221787482017
"i.1";0.548151710486794;0.56307812510833;0.351945898367999;0.73959563900389;1;0.716555788795929;0.120484539006072;0.301550707466684;0.149813558920377;0.140211202491186;0.261217591716805
"i.0";0.363299100247077;0.390783763286381;0.295730608258394;0.625163810205553;0.716555788795929;1;0.097881371444466;0.276602603657122;0.144567263651703;0.0451429332865424;0.168554599549874
"i.1.1";0.0756373476270687;0.0194124715935526;0.0501514158250165;0.10718920201671;0.120484539006072;0.097881371444466;1;0.375235989877719;0.202226370756677;0.139584315529786;0.159474811622789
"i.2.1";0.0680919938336179;0.0180493766915097;0.554139191177175;0.528882156876497;0.301550707466684;0.276602603657122;0.375235989877719;1;0.536491997129762;0.235726561255458;0.21913931720306
"i.3.1";0.292854044741927;0.226996931827168;0.260558586978603;0.231824437545823;0.149813558920377;0.144567263651703;0.202226370756677;0.536491997129762;1;0.91542811918932;0.445906921961753
"i.4.1";0.327643031847648;0.263287843916191;0.0284960383774143;0.0439501183565391;0.140211202491186;0.0451429332865424;0.139584315529786;0.235726561255458;0.91542811918932;1;0.450814483486943
"i.5.1";0.319130820858423;0.327782605381374;0.67175358572413;0.561221787482017;0.261217591716805;0.168554599549874;0.159474811622789;0.21913931720306;0.445906921961753;0.450814483486943;1
Correlation for file  I18_ann
"i.5";"i.4";"i.3";"i.2";"i.1";"i.0";"i.1.1";"i.2.1";"i.3.1";"i.4.1";"i.5.1"
"i.5";1;0.226312051201511;0.291614557199938;0.600520401809606;0.637573921263815;0.608578252546094;0.486507188125423;0.619775102346053;0.402066495457139;0.409677648858482;0.497027757497934
"i.4";0.226312051201511;1;-0.277079582026115;0.578562738921752;0.370951689782571;0.169413291877604;0.34418086442299;0.352387658252458;0.187070505767755;0.21092620728462;0.255767561911076
"i.3";0.291614557199938;-0.277079582026115;1;-0.0226785939074866;0.388069966146839;0.274435765798929;0.48500355809962;0.455694012891631;0.437151278102852;0.213203217960508;0.397181049377627
"i.2";0.600520401809606;0.578562738921752;-0.0226785939074866;1;0.470233550129243;0.541981671766371;0.531696747569056;0.630204987346232;0.368163204732265;0.364250980183663;0.499467859513537
"i.1";0.637573921263815;0.370951689782571;0.388069966146839;0.470233550129243;1;0.529767725704296;0.728852021088446;0.686546732917235;0.527452276784655;0.501151974145209;0.478158474878915
"i.0";0.608578252546094;0.169413291877604;0.274435765798929;0.541981671766371;0.529767725704296;1;0.304856817495392;0.637996598011981;0.408345334563374;0.384089058068837;0.480570302219612
"i.1.1";0.486507188125423;0.34418086442299;0.48500355809962;0.531696747569056;0.728852021088446;0.304856817495392;1;0.824886416883674;0.551968777143649;0.553740372344816;0.569256380744994
"i.2.1";0.619775102346053;0.352387658252458;0.455694012891631;0.630204987346232;0.686546732917235;0.637996598011981;0.824886416883674;1;0.435687432214072;0.626888499847803;0.64838114866948
"i.3.1";0.402066495457139;0.187070505767755;0.437151278102852;0.368163204732265;0.527452276784655;0.408345334563374;0.551968777143649;0.435687432214072;1;-0.0056496873980146;0.648515402628637
"i.4.1";0.409677648858482;0.21092620728462;0.213203217960508;0.364250980183663;0.501151974145209;0.384089058068837;0.553740372344816;0.626888499847803;-0.0056496873980146;1;0.0360895246001169
"i.5.1";0.497027757497934;0.255767561911076;0.397181049377627;0.499467859513537;0.478158474878915;0.480570302219612;0.569256380744994;0.64838114866948;0.648515402628637;0.0360895246001169;1
Correlation for file  I19_ann
"i.5";"i.4";"i.3";"i.2";"i.1";"i.0";"i.1.1";"i.2.1";"i.3.1";"i.4.1";"i.5.1"
"i.5";1;-0.781349825786532;0.586605287672904;-0.254557555494375;0.218806923259416;0.188432172261063;0.395923737691796;-0.511700297710281;0.474122617501542;-0.325009920994719;0.388076199940835
"i.4";-0.781349825786532;1;-0.76083306196674;0.486090499769362;-0.431387933964025;-0.262097268014578;-0.363720650031623;0.577147359196403;-0.567515159515146;0.420861432961926;-0.431568357737805
"i.3";0.586605287672904;-0.76083306196674;1;-0.741048306435707;0.740276122111821;0.459721742301106;0.462143284841661;-0.644659128618193;0.684983496093732;-0.527049846712012;0.522970805817465
"i.2";-0.254557555494375;0.486090499769362;-0.741048306435707;1;-0.826437471513175;-0.529375723654969;-0.170968132918881;0.343131430617848;-0.486011292751487;0.521946389739133;-0.475448068463964
"i.1";0.218806923259416;-0.431387933964025;0.740276122111821;-0.826437471513175;1;0.298115290991945;0.207301022691339;-0.319511137333565;0.467165441361387;-0.453013625152372;0.465765993685554
"i.0";0.188432172261063;-0.262097268014578;0.459721742301106;-0.529375723654969;0.298115290991945;1;0.289256857711542;-0.293728549971347;0.306957678086022;-0.265990741441089;0.248734175663052
"i.1.1";0.395923737691796;-0.363720650031623;0.462143284841661;-0.170968132918881;0.207301022691339;0.289256857711542;1;-0.745324065691692;0.536998429232446;-0.0993622871223231;0.181449269366515
"i.2.1";-0.511700297710281;0.577147359196403;-0.644659128618193;0.343131430617848;-0.319511137333565;-0.293728549971347;-0.745324065691692;1;-0.860281655861858;0.49298141153805;-0.405692898874728
"i.3.1";0.474122617501542;-0.567515159515146;0.684983496093732;-0.486011292751487;0.467165441361387;0.306957678086022;0.536998429232446;-0.860281655861858;1;-0.724172322941321;0.563786857393346
